00:10:01 24590.2 3.26172 495.746 3376.88
00:20:01 24590.9 3.26172 495.797 3376.25
00:30:02 24590.5 3.26172 496.133 3376.58
00:40:01 24590.4 3.26172 496.801 3376.75
00:50:01 24589.4 3.26172 496.809 3377.73
01:00:01 24589.6 3.26172 496.816 3377.52
01:10:01 24589.9 3.26172 496.832 3377.23
01:20:01 24580.9 3.26172 496.859 3386.25
01:30:01 24578.1 3.26172 497.18 3388.98
01:40:01 24577.8 3.26172 497.199 3389.26
01:50:01 24578.6 3.26172 497.207 3388.55
02:00:01 24577.7 3.26172 497.215 3389.38
02:10:01 24575.5 3.26172 497.227 3391.58
02:20:01 24577 3.26172 497.414 3390.08
02:30:01 24577.1 3.26172 497.426 3390
02:40:01 24577.2 3.26172 497.445 3389.89
02:50:02 24576.6 3.26172 497.465 3390.5
03:00:01 24574.8 3.26172 497.477 3392.36
03:10:01 24573.3 3.26172 497.543 3393.79
03:20:01 24575.9 3.26172 497.531 3391.25
03:30:01 24575.6 3.26172 497.539 3391.47
03:40:01 24577.8 3.26172 497.547 3389.32
03:50:01 24574.8 3.26172 497.562 3392.29
04:00:01 24573.9 3.26172 497.574 3393.18
04:10:01 24577.2 3.26172 497.602 3389.89
04:20:01 24576.6 3.26172 497.625 3390.51
04:30:01 24576.8 3.26172 497.633 3390.33
04:40:01 24576.7 3.26172 497.645 3390.41
04:50:01 24577 3.26172 497.66 3390.12
05:00:02 24576.9 3.26172 497.672 3390.23
05:10:01 24576.6 3.26172 497.711 3390.47
05:20:01 24576.9 3.26172 497.773 3390.18
05:30:01 24577.1 3.26172 497.734 3390.05
05:40:01 24574.4 3.26172 497.746 3392.68
05:50:01 24572.2 3.26172 497.75 3394.9
06:00:01 24576.9 3.26172 497.785 3390.25
06:10:01 24576.3 3.26172 497.805 3390.85
06:20:01 24576.8 3.26172 497.812 3390.29
06:30:01 24573.9 3.26172 497.832 3393.25
06:40:01 24573.5 3.26172 497.84 3393.63
06:50:01 24571.7 3.26172 497.848 3395.41
07:00:01 24575.4 3.26172 497.883 3391.68
07:10:01 24575 3.26172 497.895 3392.1
07:20:01 24576.4 3.26172 497.902 3390.7
07:30:01 24576.2 3.26172 497.914 3390.88
07:40:01 24575.7 3.26172 497.988 3391.43
07:50:01 24576.8 3.26172 497.953 3390.35
08:00:01 24575 3.26172 497.973 3392.11
08:10:01 24575.2 3.26172 497.984 3391.87
08:20:01 24573.5 3.26172 497.992 3393.58
08:30:01 24572.7 3.26172 498.004 3394.43
08:40:01 24573.4 3.26172 498.016 3393.75
08:50:01 24576.5 3.26172 498.062 3390.63
09:00:01 24576.3 3.26172 498.07 3390.85
09:10:01 24576.5 3.26172 498.094 3390.61
09:20:01 24574.5 3.26172 498.102 3392.56
09:30:01 24573.8 3.26172 498.113 3393.32
09:40:02 24574.6 3.26172 498.145 3392.54
09:50:01 24576.5 3.26172 498.156 3390.62
10:00:01 24573.5 3.26172 498.164 3393.61
10:10:01 24573.6 3.26172 498.184 3393.52
10:20:01 24573.6 3.26172 498.188 3393.53
10:30:01 22991.4 3.26172 889.07 4975.73
10:40:01 21381.3 3.26172 2442.07 6585.77
10:50:01 21133.7 3.26172 3850.15 6833.37
11:00:01 20762.8 3.26172 3820.56 7204.33
11:10:01 20465.2 3.26172 3840.43 7501.86
11:20:01 20465.4 3.26172 3840.41 7501.75
11:30:01 20456 3.26172 3840.42 7511.07
11:40:02 20458.4 3.26172 3842.23 7508.71
11:50:01 20334.8 3.26172 3842.25 7632.28
12:00:01 20334 3.26172 3842.28 7633.14
12:10:01 20289.2 3.26172 3843.29 7677.89
12:20:01 20249.9 3.26172 3858.18 7717.23
12:30:01 20250 3.26172 3858.2 7717.11
12:40:01 20244.6 3.26172 3858.26 7722.55
12:50:01 20247.2 3.26172 3858.24 7719.88
13:00:01 20251.4 3.26172 3858.2 7715.73
13:10:01 20251.7 3.26172 3858.21 7715.4
13:20:01 20241.8 3.26172 3862.11 7725.33
13:30:02 20220.9 3.26172 3873.39 7746.17
13:40:01 20206.9 3.26172 3880.23 7760.19
13:50:01 20193 3.26172 3886.46 7774.09
14:00:01 20191.8 3.26172 3888.15 7775.34
14:10:01 20191.2 3.26172 3888.46 7775.91
14:20:01 20187.8 3.26172 3888.79 7779.29
14:30:01 20187.8 3.26172 3890.46 7779.36
14:40:01 20065.7 3.26172 3891.43 7901.42
14:50:01 20044.6 3.26172 3891.44 7922.49
15:00:01 20083.4 3.26172 3891.2 7883.68
15:10:01 20084.4 3.26172 3891.22 7882.68
15:20:01 20082.5 3.26172 3891.27 7884.61
15:30:02 20081.5 3.26172 3891.29 7885.59
15:40:01 19981 3.26172 4092.39 7986.15
15:50:01 18317 3.26172 4363.38 9650.08
16:00:01 18311.3 3.26172 4363.5 9655.83
16:10:01 18263.4 3.26172 4363.8 9703.67
16:20:01 18259 3.26172 4363.85 9708.06
16:30:01 18130.5 3.26172 4363.91 9836.57
16:40:01 18118.1 3.26172 4372.91 9849.02
16:50:01 18119.4 3.26172 4372.97 9847.73
17:00:01 18119.5 3.26172 4373.08 9847.6
17:10:01 18120.7 3.26172 4373.21 9846.37
17:20:01 18122.2 3.26172 4373.32 9844.91
17:30:01 18122.4 3.26172 4373.43 9844.67
17:40:02 18122.6 3.26172 4373.5 9844.46
17:50:01 18117.8 3.26172 4373.6 9849.34
18:00:01 18119.8 3.26172 4373.72 9847.35
18:10:01 18119 3.26172 4373.82 9848.11
18:20:01 18122.1 3.26172 4373.93 9844.98
18:30:01 18110.2 3.26172 4377.45 9856.89
18:40:01 18112.1 3.26172 4380.05 9855
18:50:01 18107.5 3.26172 4380.16 9859.6
19:00:01 18109.5 3.26172 4380.29 9857.59
19:10:01 18108.7 3.26172 4380.35 9858.38
19:20:01 18107.7 3.26172 4380.45 9859.41
19:30:01 18105.3 3.26172 4380.55 9861.79
19:40:01 18107 3.26172 4380.64 9860.1
19:50:01 18108.7 3.26172 4380.74 9858.41
20:00:01 18042.3 3.26172 4380.86 9924.8
20:10:01 18045 3.26172 4380.93 9922.07
20:20:01 18038.3 3.26172 4381.01 9928.8
20:30:01 18039.8 3.26172 4381.13 9927.32
20:40:01 18024.4 3.26172 4381.37 9942.73
20:50:01 18027.6 3.26172 4381.58 9939.51
21:00:01 17883 3.26172 4392.26 10084.1
21:10:01 17883 3.26172 4392.36 10084.1
21:20:02 17876 3.26172 4392.52 10091.1
21:30:01 17878.6 3.26172 4392.8 10088.5
21:40:01 17866.2 3.26172 4396.74 10100.9
21:50:01 17802.3 3.26172 4412.2 10164.8
22:00:01 17772.6 3.26172 4437.18 10194.6
22:10:01 17366.1 3.26172 4439.78 10601
22:20:01 17269.9 3.26172 4475.69 10697.2
22:30:01 17247.2 3.26172 4475.8 10719.9
22:40:01 20379.6 3.26172 4480.27 7587.47
22:50:01 20381.2 3.26172 4480.32 7585.93
23:00:01 18352.9 3.26172 5496.33 9614.25
23:10:01 18156.9 3.26172 5593.47 9810.23
23:20:01 17698.9 3.26172 5822.66 10268.2
23:30:01 17292.4 3.26172 6135.25 10674.7
23:40:01 16945.7 3.26172 6479.76 11021.4
23:50:01 16644.6 3.26172 6777.71 11322.6
Average: 21404.9 3.26172 2625.86 6562.19
